D C 372.7 -294.1 1424.9 -464.7 1752.7 250.3 1138.6 569.8 545.1 598.6 902.1 1325.7 
D C 373.9 -295.0 1426.2 -465.1 1751.7 250.2 1138.8 569.9 547.3 601.1 903.2 1327.3 
D C 374.1 -295.2 1427.7 -465.6 1751.7 250.2 1140.0 570.5 548.2 602.0 905.6 1330.8 
D C 374.0 -295.1 1426.9 -465.4 1746.9 249.5 1138.5 569.8 547.2 601.0 902.5 1326.2 
D C 372.9 -294.3 1428.9 -466.0 1749.7 249.9 1137.5 569.3 543.7 597.1 903.6 1327.9 
D C 373.0 -294.3 1422.9 -464.0 1750.1 250.0 1138.9 570.0 544.9 598.4 902.1 1325.7 
D C 372.6 -294.0 1428.0 -465.7 1744.8 249.2 1141.6 571.3 546.5 600.2 902.8 1326.7 
D C 372.8 -294.1 1427.0 -465.4 1747.9 249.7 1140.8 570.9 547.4 601.2 903.1 1327.2 
D C 373.1 -294.4 1426.1 -465.1 1749.7 249.9 1141.5 571.3 546.3 600.0 903.7 1328.1 
D C 373.6 -294.8 1427.3 -460.6 1749.6 249.9 1138.9 570.0 546.2 599.8 902.8 1326.7 
D C 371.9 -293.5 1428.5 -465.9 1748.9 249.8 1141.9 571.5 546.5 600.1 904.4 1329.0 
D C 372.4 -293.9 1426.4 -465.2 1753.2 250.4 1141.5 571.3 545.8 599.5 902.5 1326.3 
D C 372.9 -294.2 1432.5 -467.2 1751.7 250.2 1139.0 570.0 547.7 601.5 903.5 1327.7 
D C 373.0 -294.4 1425.6 -464.9 1750.1 250.0 1140.1 570.6 546.2 599.8 902.5 1326.2 
D C 360.0 -293.1 1412.5 -460.6 1725.4 251.9 1083.2 554.6 525.1 602.1 883.6 1333.4 
D C 321.2 -294.3 1374.7 -467.1 1691.7 241.6 1057.7 553.9 495.2 600.6 852.3 1330.0 
D C 286.2 -289.3 1333.6 -457.7 1650.4 246.1 1009.5 552.6 451.4 594.2 
D C 267.7 -287.7 1286.6 -450.4 1632.8 243.5 994.1 548.1 438.6 592.3 
D C 222.7 -284.9 1238.6 -446.4 1574.2 249.5 941.6 549.7 384.9 596.6 
D C 193.5 -287.2 1207.2 -443.5 1542.7 244.6 910.6 546.7 353.7 599.4 
D C 160.6 -284.9 1178.9 -445.4 1510.4 244.2 881.8 551.7 323.5 601.9 
D C 128.9 -283.2 1140.5 -443.0 1475.8 247.9 841.2 551.9 284.7 603.1 
D C 116.8 -286.4 1126.8 -441.7 1453.2 253.3 826.3 556.7 268.4 606.7 
D C 69.6 -284.5 1075.6 -440.7 1405.5 249.4 778.5 552.8 218.2 611.2 
D C 1035.9 -439.4 1374.5 248.3 743.7 545.3 187.1 605.1 
D C 1006.2 -437.8 1334.8 253.8 706.0 551.9 148.4 610.2 
D C 967.3 -438.6 1302.5 251.8 674.2 550.7 478.1 1326.5 113.8 613.7 
D C -49.1 -295.0 934.2 -427.0 1267.0 253.0 639.0 552.1 441.7 1326.6 82.9 613.9 
D C -81.2 -298.0 905.1 -430.6 1230.1 253.5 609.3 553.1 410.1 1326.0 48.8 616.7 
D C 857.1 -433.9 1182.0 254.9 557.3 547.9 361.5 1326.0 -4.3 619.6 
D C 842.8 -433.2 1159.5 257.5 542.0 552.9 345.3 1330.6 -21.4 620.9 
D C 810.1 -435.4 1129.5 254.5 513.0 549.7 319.4 1331.1 -52.3 624.4 
D C 751.9 -425.2 1078.9 257.1 457.1 550.9 264.7 1335.8 -106.4 622.0 
D C 733.3 -426.6 1064.3 253.6 444.1 548.8 250.0 1325.9 -124.5 623.2 
D C 689.9 -427.3 1015.7 255.2 396.3 549.1 200.8 1332.4 -170.3 628.5 
D C 672.6 -422.3 1000.6 258.0 380.8 552.2 183.7 1329.3 -187.0 628.6 
D C 641.0 -421.9 964.3 264.5 345.8 554.5 147.0 1334.2 
D C 608.2 -422.1 933.9 262.3 318.0 554.4 118.0 1334.0 
D C 573.2 -421.7 902.1 262.3 285.5 555.5 85.8 1344.9 
D C 526.0 -415.1 855.3 271.7 236.4 562.1 27.8 1342.7 
D C 513.9 -421.1 840.4 266.9 223.3 559.5 23.7 1340.5 
D C 485.1 -417.8 807.1 267.3 189.4 557.4 -17.5 1346.7 
D C 450.2 -420.2 778.0 268.3 160.3 560.9 -42.4 1347.7 
D C 419.4 -418.8 741.5 268.5 125.7 561.9 -84.0 1351.0 
D C 402.9 -419.9 727.9 271.2 111.5 562.7 -100.6 1350.5 
D C 357.5 -421.6 679.2 274.6 64.0 564.9 -151.3 1354.8 
D C 327.0 -423.7 649.1 274.1 32.5 563.6 -181.9 1363.1 
D C 297.2 -424.1 621.1 278.2 1.3 567.3 -210.8 1356.3 
D C 264.3 -428.3 589.0 279.1 -30.2 570.6 
D C 218.9 -427.6 543.2 280.2 -78.1 571.8 
D C 205.3 -426.5 529.3 283.4 -96.9 577.0 
D C 160.0 -429.5 479.8 288.1 -141.4 577.7 
D C 146.1 -428.0 461.2 290.5 -157.8 582.3 
D C 112.7 -426.3 431.9 291.0 
D C 68.0 -429.2 383.4 294.0 
D C 51.0 -433.0 364.0 297.3 
D C 4.3 -432.5 316.5 299.9 
D C -11.7 -435.9 297.9 300.2 
D C -40.0 -436.5 264.4 303.2 
D C -88.6 -439.9 210.5 305.4 
D C -104.6 -442.1 192.4 304.3 
D C -150.0 -446.0 141.1 308.7 
D C -169.3 -443.9 130.1 304.2 
D C 115.1 288.5 
D C 90.4 271.6 -516.6 1513.1 
D C 81.4 266.2 -488.1 1520.4 
D C 56.2 247.4 -387.5 1562.5 
D C 45.8 243.0 -359.4 1572.6 
D C 29.6 235.4 -278.3 1596.9 
D C 12.6 230.4 
D C -3.7 228.5 
D C -32.9 230.7 
D C 
D C 122.9 1615.2 
D C 255.1 1593.0 
D C 312.6 1577.7 
D C 496.6 1507.0 -74.3 921.2 
D C 549.8 1482.6 -45.6 915.0 
D C 722.9 1375.2 52.4 909.4 -71.2 1520.6 
D C 826.4 1289.7 109.4 892.3 
D C 871.1 1238.9 139.5 888.9 
D C 997.2 1095.1 223.8 851.8 
D C 1041.3 1042.9 252.2 833.7 
D C 1125.8 874.4 325.7 788.0 
D C 1177.8 762.4 372.9 747.8 
D C 1195.0 697.7 393.7 727.1 
D C 1237.3 500.3 447.2 648.6 
D C 1251.2 444.4 464.4 627.1 
D C 1254.8 234.6 510.5 540.3 
D C 1229.6 103.0 529.4 477.6 
D C 1219.0 42.1 535.9 448.8 601.9 1592.9 
D C 1165.1 -77.9 521.8 395.1 -229.3 1112.5 
D C 1148.0 -105.1 512.8 383.4 -219.6 1117.6 
D C 1089.6 -147.2 479.7 365.5 -236.2 1128.8 
D C 1071.4 -151.4 466.1 364.3 -253.4 1124.6 
D C 1025.9 -151.4 419.3 364.5 -305.6 1127.8 
D C 995.3 -156.2 389.0 361.9 621.8 1491.4 -328.6 1130.1 
D C 975.3 -156.2 370.8 364.6 -341.4 1134.8 
D C 930.4 -157.8 873.4 674.0 323.1 363.7 -396.5 1138.3 
D C 897.5 -157.9 836.5 670.5 290.7 363.7 
D C 860.5 -159.5 804.7 669.8 256.0 364.1 
D C 828.3 -164.1 773.3 663.9 225.3 366.3 
D C 812.1 -168.7 757.0 662.2 211.9 366.7 
D C 768.3 -169.4 708.1 666.9 160.1 368.1 
D C 749.1 -170.0 687.0 667.2 143.1 368.5 
D C 703.5 -173.4 638.7 671.8 97.2 369.9 
D C 676.0 -173.2 602.3 665.5 65.5 372.5 
D C 658.4 -177.3 589.7 663.8 49.2 373.0 
D C 613.3 -179.4 542.5 662.1 -0.3 375.0 
D C 579.6 -177.3 506.1 662.0 -33.8 376.0 
D C 550.1 -179.4 473.1 659.8 -66.5 374.5 
D C 504.2 -215.7 479.5 631.1 -74.0 376.7 
D C 476.3 -237.5 483.8 616.9 -79.0 377.5 
D C 392.0 -307.4 520.4 537.5 424.6 1403.6 -70.7 378.0 
D C 298.3 -365.2 550.3 452.3 581.1 1324.5 -60.6 382.1 
D C 261.5 -385.6 555.0 420.2 625.9 1284.8 -55.8 382.6 
D C 192.1 -412.0 564.9 363.2 -48.7 383.1 
D C 123.4 -434.4 569.0 304.7 797.5 1134.2 -42.9 384.3 
D C 46.3 -452.5 567.5 241.7 881.1 1042.2 -35.6 383.1 
D C 8.7 -456.6 566.2 211.0 -32.2 384.2 
D C -106.6 -462.9 544.2 122.6 1006.1 853.1 196.3 1420.5 -21.6 384.8 
D C -181.7 -455.2 522.5 56.7 1063.5 730.8 325.1 1392.8 -9.6 379.3 -321.7 971.4 
D C 498.7 -19.5 1124.6 580.2 476.6 1335.1 13.4 371.8 -222.8 1003.2 
D C 465.8 -84.9 1162.4 429.0 616.8 1256.4 34.2 361.7 
D C 397.4 -181.7 797.2 1104.6 60.6 344.2 
D C 370.1 -209.3 1177.8 113.2 855.1 1056.7 68.9 337.0 
D C 306.7 -264.2 1149.5 -48.5 965.5 926.3 82.9 319.4 
D C 236.1 -304.0 1103.4 -197.6 1047.4 793.1 94.0 300.6 
D C 164.4 -338.9 1035.1 -348.1 1116.7 647.3 103.7 282.3 
D C 129.6 -354.5 997.3 -415.8 1136.3 568.7 107.1 273.4 
D C 21.5 -384.3 869.6 -595.6 1190.8 354.2 115.8 247.3 
D C -51.4 -389.5 780.9 -676.8 1174.9 242.1 103.6 236.2 
D C -109.0 -390.2 709.4 -704.0 1145.9 196.1 565.0 702.7 72.4 231.5 
D C 644.8 -728.1 1113.7 148.6 556.0 687.1 43.9 229.0 
D C 590.2 -731.6 1065.9 145.6 511.8 686.8 -5.9 233.1 
D C 574.2 -730.0 1039.4 145.2 493.6 684.0 -22.7 235.9 
D C 545.2 -734.0 1004.2 146.6 457.6 690.6 
D C 507.8 -729.3 969.4 144.5 429.1 688.1 
D C 478.2 -729.0 937.3 145.6 394.9 693.3 
D C 444.9 -730.8 904.5 143.4 370.2 693.9 
D C 412.9 -732.8 872.2 146.5 331.8 697.3 
D C 367.9 -729.4 822.9 151.2 282.7 702.1 
D C 352.2 -731.6 802.9 147.6 269.4 699.9 
D C 317.2 -732.3 768.3 148.5 236.2 702.1 
D C 267.8 -732.5 718.1 145.7 186.7 701.8 
D C 252.2 -731.4 701.0 146.7 168.7 703.1 
D C 203.5 -733.0 654.0 147.4 120.0 707.3 
D C 635.1 149.3 104.8 710.1 
D C 155.5 -731.8 602.3 147.4 76.2 711.6 
D C 557.8 151.1 25.8 714.5 
D C 96.1 -737.3 540.0 148.1 6.0 714.9 
D C -17.6 -740.3 511.1 87.5 47.3 707.9 
D C -70.4 -744.4 498.1 52.5 81.9 704.2 
D C -203.9 -730.2 480.1 -32.1 166.3 674.8 
D C -329.5 -698.1 447.9 -103.1 239.9 646.9 
D C 404.0 -180.2 317.6 595.3 
D C 312.9 -278.0 414.5 499.6 
D C 279.4 -305.9 439.7 462.5 
D C 202.6 -352.0 485.3 381.7 -141.6 646.7 
D C 124.7 -384.3 518.1 300.3 -60.7 652.1 
D C 45.5 -407.4 535.9 216.7 9.5 653.2 
D C -81.5 -418.1 537.5 78.5 124.1 626.4 
D C -119.9 -414.5 528.3 39.4 156.7 611.5 -304.7 1001.7 
D C 494.1 -82.2 254.6 561.5 -115.9 1038.0 
D C 473.3 -132.2 289.7 531.2 -45.4 1037.9 
D C 426.6 -204.6 338.3 481.1 78.1 1026.8 
D C 348.4 -289.1 377.3 409.3 197.7 998.0 
D C 326.8 -288.5 360.1 410.4 187.6 994.6 
D C 246.8 -313.7 998.9 841.8 333.5 382.5 200.7 981.3 
D C 219.7 -317.6 985.5 830.5 320.6 379.2 188.2 981.2 
D C 183.8 -314.9 958.8 828.3 291.9 381.8 160.0 980.1 
D C 132.9 -311.9 914.5 830.1 241.0 383.8 108.1 981.1 
D C 117.2 -311.7 897.3 829.7 227.4 385.4 95.9 981.4 
D C 68.1 -320.5 847.2 827.9 178.8 384.8 44.6 984.0 
D C 34.1 -323.4 812.3 828.6 146.3 387.1 11.3 980.1 
D C 20.2 -324.1 794.0 825.0 129.6 389.3 -3.7 979.8 
D C -33.5 -332.0 746.3 824.6 77.5 385.0 -58.0 981.4 
D C -49.0 -332.0 729.4 821.0 64.3 386.3 -70.3 983.6 
D C -115.5 -336.6 732.6 775.4 38.2 378.9 
D C 744.6 723.2 30.5 370.8 
D C 756.5 665.8 22.0 362.5 
D C 766.5 618.3 14.1 359.5 
D C 766.1 591.3 7.4 358.2 
D C 779.0 514.4 -4.6 352.3 
D C 775.1 481.7 -6.7 351.0 
D C 769.4 396.9 153.1 937.8 -23.7 347.4 
D C 764.8 342.5 182.4 920.4 -31.3 347.5 
D C 767.1 293.8 222.4 902.6 -25.7 344.6 
D C 763.3 174.5 306.9 859.7 -20.1 340.7 
D C 748.3 99.9 351.5 828.6 -20.9 335.6 
D C 727.3 27.3 397.8 785.8 -18.6 331.5 
D C 696.3 -48.7 434.1 740.9 -17.4 328.1 
D C 684.0 -79.6 451.6 719.1 -18.3 327.5 
D C 619.2 -189.4 510.8 635.2 -15.0 320.6 
D C 573.0 -255.6 537.4 586.5 279.6 1411.0 -14.8 317.3 
D C 523.3 -285.4 525.5 556.2 -36.8 312.6 
D C 470.2 -317.9 521.2 528.5 -57.5 312.7 
D C 446.5 -330.6 512.4 519.5 345.5 1365.8 
D C 391.3 -337.0 464.8 513.6 
D C 373.9 -336.3 446.5 518.4 284.3 1368.6 
D C 321.0 -336.6 395.7 517.5 235.9 1365.5 
D C 287.9 -341.6 363.8 517.4 
D C 270.6 -339.7 347.8 521.3 189.6 1372.4 
D C 216.6 -341.6 296.9 521.2 
D C 166.8 -341.1 243.0 523.1 
D C 147.5 -340.5 225.4 526.8 
D C 112.8 -347.8 209.2 519.6 87.8 1376.9 
D C 53.1 -364.1 208.7 504.8 153.4 1354.2 
D C -2.0 -376.8 205.6 488.9 202.5 1343.9 
D C -91.7 -377.1 197.6 461.8 289.6 1313.2 
D C -117.8 -377.0 196.2 454.8 
D C 192.6 442.7 
D C 184.1 430.3 -538.8 1562.4 
D C 195.9 405.3 -396.7 1599.5 
D C 199.9 394.8 -343.6 1617.2 
D C 202.7 361.1 -153.6 1651.0 
D C 207.1 332.1 
D C 191.9 316.2 74.4 1641.5 
D C 161.3 309.2 109.3 1635.6 
D C 784.6 877.7 147.1 306.7 131.3 1657.6 
D C 751.1 861.3 94.7 306.1 109.6 1640.3 
D C 776.0 801.4 77.8 296.1 
D C 803.5 738.4 61.9 284.9 
D C 806.5 679.7 41.3 279.7 
D C 814.5 652.9 28.1 278.4 -376.1 1422.6 
D C 824.8 574.3 477.0 1525.9 -0.2 275.4 
D C 576.0 1482.9 -30.1 277.1 
D C 826.5 462.4 603.1 1446.5 
D C 822.0 398.8 666.5 1400.8 
D C 810.4 342.2 715.4 1360.8 
D C 793.0 284.4 769.6 1304.3 35.4 1487.0 
D C 774.1 212.3 838.8 1224.6 116.9 1476.1 
D C 760.1 191.0 855.9 1209.3 139.6 1475.4 -133.3 824.4 
D C 737.0 135.4 905.4 1140.2 211.5 1464.0 -108.1 829.2 
D C 708.2 83.5 951.1 1083.9 272.2 1443.3 -82.9 835.7 
D C 676.6 37.9 974.4 1012.4 327.7 1423.4 -65.1 838.6 
D C 632.5 -24.8 1021.5 921.6 414.5 1385.5 -34.3 844.2 
D C 614.6 -52.5 1031.2 869.0 452.4 1373.0 -13.5 837.0 
D C 578.6 -90.8 1048.7 804.2 501.7 1340.1 -0.6 841.2 
D C 537.6 -132.5 1069.9 730.4 559.9 1297.7 30.2 837.4 
D C 499.3 -164.5 1082.6 663.6 604.0 1259.5 50.5 832.7 
D C 433.9 -208.1 1072.4 578.5 638.8 1215.1 55.2 825.3 
D C 417.3 -206.5 1052.1 588.5 620.7 1216.8 37.4 824.5 
D C 388.9 -205.9 1016.4 589.2 588.6 1217.8 4.4 825.2 
D C 970.7 586.9 533.8 1216.8 -44.0 831.1 
D C 323.3 -204.4 951.6 583.3 517.6 1220.4 -59.6 833.9 
D C 273.7 -204.0 899.8 586.4 468.9 1218.2 -109.3 838.3 
D C 878.1 587.7 454.5 1225.4 -125.3 840.3 
D C 827.9 584.0 398.1 1220.6 -173.5 841.7 
D C 794.9 582.9 372.7 1218.5 -201.5 845.8 
D C 800.1 553.4 400.7 1203.7 -180.9 851.6 
D C 809.0 492.5 460.0 1173.6 -153.1 862.9 
D C 801.2 445.0 490.2 1146.0 -133.1 874.3 
D C 793.0 358.1 556.3 1082.4 -90.2 881.3 
D C 782.5 324.8 582.2 1059.8 -73.9 882.3 
D C 769.8 268.1 616.5 1016.1 -49.6 885.8 
D C 727.1 263.3 572.2 1019.2 -91.1 889.8 
D C 709.6 261.9 558.7 1016.8 -108.0 892.8 
D C 656.6 267.8 506.5 1023.8 -161.3 892.8 
D C 640.8 266.0 490.1 1022.0 -179.3 898.1 
D C 606.4 269.4 453.4 1024.9 -213.6 896.3 
D C 558.5 271.0 404.7 1023.2 -261.6 899.5 
D C 543.7 270.0 391.3 1026.1 -275.3 905.1 
D C 496.2 273.6 338.5 1027.1 
D C 464.0 270.9 306.5 1024.4 
D C 444.7 272.6 293.4 1026.3 
D C 397.6 276.8 240.1 1028.6 
D C 380.1 278.7 220.7 1030.9 
D C 335.5 279.2 175.3 1033.5 
D C 318.6 280.4 156.1 1035.9 
D C 282.0 282.5 120.8 1038.6 
D C 243.1 280.5 88.4 1035.9 
D C 245.5 281.5 91.5 1034.0 
D C 246.7 282.9 91.3 1032.7 
D C 246.1 282.2 91.0 1029.0 
D C 245.3 281.3 91.5 1034.2 
D C 245.2 281.2 91.5 1034.6 
D C 245.8 281.9 91.5 1034.0 
