F 1850.000000 1897.000000 3.717551
F 1850.000000 1897.000000 3.717551
F 1850.000000 1897.000000 3.717551
F 1850.000000 1897.000000 3.717551
F 1850.000000 1897.000000 3.717551
F 1850.000000 1897.000000 3.717551
F 1850.000000 1897.000000 3.717551
F 1850.000000 1897.000000 3.717551
F 1850.000000 1897.000000 3.717551
F 1850.000000 1897.000000 3.717551
F 1850.000000 1897.000000 3.717551
F 1850.000000 1897.000000 3.717551
F 1850.000000 1897.000000 3.717551
F 1829.218582 1883.504389 3.717551
F 1792.046186 1859.364353 3.717551
F 1754.460925 1834.944243 3.715534
F 1716.653749 1810.500269 3.715534
F 1716.653749 1810.500269 3.715534
F 1679.139651 1786.245783 3.715534
F 1641.452810 1761.891493 3.717551
F 1603.867549 1737.471382 3.715534
F 1566.180708 1713.117092 3.717551
F 1566.180708 1713.117092 3.717551
F 1528.595447 1688.696982 3.715534
F 1490.908606 1664.342692 3.717551
F 1490.908606 1664.342692 3.717551
F 1453.323345 1639.922581 3.715534
F 1415.636504 1615.568291 3.717551
F 1378.051243 1591.148180 3.715534
F 1340.364402 1566.793890 3.717551
F 1302.779141 1542.373779 3.715534
F 1302.779141 1542.373779 3.715534
F 1265.092300 1518.019489 3.717551
F 1227.507039 1493.599379 3.715534
F 1189.699862 1469.155405 3.715534
F 1189.699862 1469.155405 3.715534
F 1152.185765 1444.900919 3.715534
F 1114.498924 1420.546629 3.717551
F 1076.913663 1396.126518 3.715534
F 1039.106487 1371.682545 3.715534
F 1039.106487 1371.682545 3.715534
F 1001.592389 1347.428059 3.715534
F 963.905548 1323.073769 3.717551
F 926.320287 1298.653658 3.715534
F 926.320287 1298.653658 3.715534
F 888.633446 1274.299368 3.717551
F 851.048185 1249.879257 3.715534
F 813.241008 1225.435284 3.715534
F 775.140753 1200.801822 3.715534
F 775.140753 1200.801822 3.715534
F 737.453912 1176.447532 3.717551
F 699.868651 1152.027421 3.715534
F 662.181810 1127.673131 3.717551
F 662.181810 1127.673131 3.717551
F 624.596549 1103.253020 3.715534
F 586.909708 1078.898730 3.717551
F 549.324447 1054.478619 3.715534
F 549.324447 1054.478619 3.715534
F 511.637606 1030.124329 3.717551
F 474.052345 1005.704218 3.715534
F 436.210755 981.322411 3.729655
F 398.204556 956.599297 3.816401
F 398.204556 956.599297 3.816401
F 362.368722 928.687957 3.901129
F 329.420282 898.307897 3.987875
F 299.662590 865.615449 4.072603
F 273.112154 830.793131 4.157332
F 273.112154 830.793131 4.157332
F 250.057089 794.275341 4.244077
F 230.357876 755.482442 4.330823
F 214.851588 716.301951 4.417569
F 202.987063 675.302062 4.500280
F 202.987063 675.302062 4.500280
F 196.349218 634.938305 4.659650
F 197.984972 595.654616 4.831124
F 207.551055 557.442251 4.990494
F 207.551055 557.442251 4.990494
F 222.808438 522.702057 5.125655
F 244.256727 489.181249 5.264852
F 270.480399 458.702726 5.395979
F 270.480399 458.702726 5.395979
F 301.256960 431.517132 5.529124
F 335.160276 407.972831 5.650164
F 374.435979 387.730866 5.791378
F 415.876282 372.257113 5.924522
F 415.876282 372.257113 5.924522
F 459.107178 361.556649 6.057667
F 504.157305 355.713713 6.194846
F 549.638244 354.897323 0.044805
F 549.638244 354.897323 0.044805
F 594.960289 357.508223 0.075065
F 639.737420 360.911990 0.077083
F 684.393860 364.324956 0.075065
F 728.592043 367.648957 0.075065
F 728.592043 367.648957 0.075065
F 773.369174 371.052724 0.077083
F 818.256488 374.519632 0.077083
F 863.491766 378.013414 0.077083
F 908.148207 381.426380 0.075065
F 908.148207 381.426380 0.075065
F 952.925338 384.830147 0.077083
F 997.116725 388.243304 0.077083
F 1042.004039 391.710212 0.077083
F 1042.004039 391.710212 0.077083
F 1086.543390 395.150244 0.077083
F 1131.430704 398.617151 0.077083
F 1175.970055 402.057183 0.077083
F 1220.857369 405.524091 0.077083
F 1220.857369 405.524091 0.077083
F 1265.731849 409.306365 0.095239
F 1313.056438 415.189537 0.181984
F 1360.642458 425.428810 0.335302
F 1360.642458 425.428810 0.335302
F 1406.211343 441.635629 0.506776
F 1444.698233 462.068599 0.650008
F 1478.971911 486.728068 0.779117
F 1478.971911 486.728068 0.779117
F 1508.790215 514.430407 0.910245
F 1533.780685 544.941517 1.033302
F 1554.420632 578.367632 1.166447
F 1567.753304 608.913085 1.323800
F 1567.753304 608.913085 1.323800
F 1574.550389 640.133212 1.489221
F 1574.586907 671.902078 1.650609
F 1567.963800 703.262615 1.811996
F 1567.963800 703.262615 1.811996
F 1554.047817 734.076218 1.987505
F 1533.696230 762.108166 2.158979
F 1507.858814 786.895600 2.324401
F 1477.000138 811.872097 2.433337
F 1477.000138 811.872097 2.433337
F 1442.749858 841.346235 2.431320
F 1408.937399 870.286951 2.433337
F 1375.009113 899.346527 2.433337
F 1375.009113 899.346527 2.433337
F 1340.493998 929.047960 2.431320
F 1306.416703 958.215971 2.433337
F 1272.431259 987.462813 2.431320
F 1272.431259 987.462813 2.431320
F 1238.826271 1016.363213 2.431320
F 1204.748977 1045.531225 2.433337
F 1170.763533 1074.778067 2.431320
F 1136.686238 1103.946078 2.433337
F 1102.700794 1133.192920 2.431320
F 1102.700794 1133.192920 2.431320
F 1068.566594 1162.548445 2.431320
F 1034.697000 1191.676407 2.431320
F 1000.562799 1221.031931 2.431320
F 1000.562799 1221.031931 2.431320
F 966.126353 1250.092313 2.439389
F 926.223767 1273.533320 2.592707
F 882.131229 1287.091785 2.846892
F 843.461558 1292.150110 3.056695
F 843.461558 1292.150110 3.056695
F 803.279837 1291.547076 3.270534
F 765.628498 1285.490753 3.474285
F 729.962032 1274.129003 3.684089
F 729.962032 1274.129003 3.684089
F 697.907387 1257.598847 3.901961
F 672.616889 1237.394542 4.107730
F 653.979726 1214.197617 4.311482
F 642.715194 1189.362049 4.507164
F 642.715194 1189.362049 4.507164
F 638.710550 1163.145234 4.708898
F 642.482003 1136.563127 4.910632
F 652.445067 1095.672675 4.961065
F 652.445067 1095.672675 4.961065
F 663.455301 1052.613681 4.963083
F 674.537357 1009.338103 4.963083
F 685.705992 965.724435 4.963083
F 696.701469 922.786948 4.963083
F 696.701469 922.786948 4.963083
F 707.870104 879.173280 4.963083
F 719.038739 835.559612 4.963083
F 730.120795 792.284034 4.963083
F 741.289430 748.670366 4.963083
F 741.289430 748.670366 4.963083
F 754.999245 707.538531 5.043776
F 772.362432 668.238663 5.130522
F 793.484647 630.425848 5.217268
F 793.484647 630.425848 5.217268
F 818.044306 594.459045 5.301996
F 846.133010 560.194374 5.386724
F 877.098999 528.644042 5.473470
F 877.098999 528.644042 5.473470
F 911.528437 499.841792 5.570302
F 951.956635 476.571592 5.741776
F 996.478596 459.274769 5.913250
F 1040.033888 448.178324 6.050430
F 1040.033888 448.178324 6.050430
F 1083.813477 441.806380 6.171470
F 1127.731587 439.970598 0.011343
F 1173.085289 442.890144 0.144487
F 1216.933928 449.914654 0.196938
F 1216.933928 449.914654 0.196938
F 1260.742432 458.655506 0.196938
F 1304.550937 467.396358 0.196938
F 1348.017188 476.068923 0.196938
F 1348.017188 476.068923 0.196938
F 1392.389462 484.945005 0.198955
F 1435.838129 493.705238 0.198955
F 1479.971026 502.603427 0.198955
F 1524.103924 511.501617 0.198955
F 1524.103924 511.501617 0.198955
F 1567.894707 520.330828 0.198955
F 1613.906561 530.327939 0.269562
F 1658.828626 543.253504 0.354291
F 1658.828626 543.253504 0.354291
F 1702.239605 559.472938 0.441036
F 1744.525084 579.301721 0.527782
F 1783.965154 601.846559 0.612510
F 1783.965154 601.846559 0.612510
F 1822.195509 627.540333 0.761793
F 1855.123821 657.155725 0.931250
F 1880.206207 689.190310 1.078516
F 1899.400313 724.298009 1.179383
F 1899.400313 724.298009 1.179383
F 1916.575610 765.914107 1.179383
F 1933.484623 806.884995 1.179383
F 1949.947438 847.092089 1.241921
F 1963.265669 887.372013 1.324632
F 1963.265669 887.372013 1.324632
F 1972.819182 928.857086 1.413395
F 1978.256013 971.160339 1.500140
F 1979.591206 1013.261033 1.584869
F 1979.591206 1013.261033 1.584869
F 1976.867856 1055.422259 1.671614
F 1970.182555 1096.763492 1.756343
F 1959.260257 1138.572247 1.843088
F 1944.868399 1177.958415 1.927817
F 1944.868399 1177.958415 1.927817
F 1926.379058 1217.082775 2.012545
F 1903.945085 1254.829767 2.101308
F 1878.171312 1290.516260 2.186036
F 1878.171312 1290.516260 2.186036
F 1849.354273 1323.638304 2.272782
F 1817.182869 1354.671455 2.359528
F 1782.060119 1383.296687 2.444256
F 1744.904383 1408.739543 2.528984
F 1744.904383 1408.739543 2.528984
F 1706.236925 1432.445772 2.585470
F 1668.223700 1456.190524 2.583452
F 1630.035019 1480.034079 2.583452
F 1630.035019 1480.034079 2.583452
F 1592.142375 1503.692800 2.583452
F 1554.026413 1527.373551 2.585470
F 1516.013187 1551.118303 2.583452
F 1477.528470 1575.146692 2.583452
F 1477.528470 1575.146692 2.583452
F 1436.544018 1596.207633 2.662129
F 1394.414046 1613.741185 2.746857
F 1349.550479 1628.396194 2.833603
F 1349.550479 1628.396194 2.833603
F 1303.669461 1639.544197 2.918331
F 1258.323935 1647.980350 2.970782
F 1214.197422 1655.658341 2.968765
F 1170.295512 1663.255966 2.970782
F 1170.295512 1663.255966 2.970782
F 1126.273612 1670.849376 2.970782
F 1082.147099 1678.527366 2.968765
F 1037.901328 1686.184662 2.970782
F 1037.901328 1686.184662 2.970782
F 993.087093 1693.981993 2.968765
F 949.424402 1701.604178 2.968765
F 905.178631 1709.261473 2.970782
F 905.178631 1709.261473 2.970782
F 860.812809 1716.914206 2.970782
F 816.686296 1724.592197 2.968765
F 772.440525 1732.249493 2.970782
F 730.033318 1739.629131 2.968765
F 723.612260 1740.722686 2.970782
F 723.612260 1740.722686 2.970782
F 723.612260 1740.722686 2.970782
F 723.612260 1740.722686 2.970782
F 723.612260 1740.722686 2.970782
F 723.612260 1740.722686 2.970782
F 723.612260 1740.722686 2.970782
F 723.612260 1740.722686 2.970782
